100
-3.08389679523 2.52507162589 2.66650383754 -0.0948391415045 -2.0039765169 2.15273181551 0.0516888503909 1.37252555705 -1.31216864356 -1.76894507041 0.081641723204 2.71827526202 
2.70196988403 -0.815990295345 -2.08759550796 -1.3933664072 1.06949366576 -0.915995260614 1.6902458616 -1.34425532946 0.472168751902 2.16428249154 -1.44860549224 -3.08143153143 
-2.60486565797 -2.08513335054 0.141455578209 -0.903155831589 -1.46563999882 -1.84529393407 -0.289039731683 -1.7742951387 1.65272768664 1.49932435631 -0.0801691088684 -2.51306372958 
0.0626820818234 1.07747675491 1.05567459115 0.182537907647 -2.10164689901 -2.16522975556 -2.92470560583 2.79005732719 0.82391540316 2.5019245559 0.538957547653 2.82275470614 
1.0342796837 2.84915017788 -1.71946846022 0.458316523044 -2.12070639197 -3.10434939279 2.47361758394 -1.44209461066 -1.75198290314 0.581469920136 -1.20888499667 -1.50538103682 
0.277552145177 1.23391030726 0.45208825508 2.58392981678 2.81166257056 -1.54862697515 2.65827190875 -1.1297173284 -1.17187789926 -2.65025430204 2.17805608648 -2.59052051582 
-2.38400838887 -1.49841705468 -2.36226614983 -1.67540964685 -1.12890363428 -2.91978671028 2.21128647586 2.48133873475 0.427992873448 2.25933936783 -0.681340887101 2.92478974257 
2.98976580337 -0.757840024394 -1.05530747574 -3.01764304888 2.45861886176 1.07553271577 -3.01784222849 -2.72174239497 0.550209271299 0.245764655493 0.163903168832 1.67047301984 
-0.376049975906 1.85145747087 -2.09281935029 1.86291721199 1.20309844167 -2.50512538217 1.87556604118 -1.74216948421 0.537609889858 2.22829703056 -1.71063322865 -1.7692662913 
-1.0300459839 -0.293023431936 0.459152213883 1.70754373429 1.85135588087 1.86667920999 -0.469225611717 0.883996705552 -1.37907822741 1.26823504938 1.39484442855 1.69987295078 
2.44269537076 2.75359328306 1.35239703214 -2.469291163 1.36541116077 -0.669326511557 0.331846746269 1.13002528195 0.571601683067 -2.78057762581 1.96588100986 -2.80182137216 
-0.333910102575 -0.985036853203 0.626889698547 -0.23745916392 0.213066623682 -0.778794947296 -2.58257811111 -0.777559296583 -1.37902567968 -0.954635701085 -1.37368891742 -1.66417732629 
2.57917885985 -0.309875507314 -1.41902194255 -2.87249383768 1.94832562587 -0.394872450263 -2.40796694534 -1.71284412585 0.087002406809 -1.0339895809 -1.01245362458 -2.74046016731 
-3.05206420276 -1.31560803175 0.247871324959 -1.82705794885 2.55168564316 2.66252912817 -0.646621019213 1.76044138076 -1.67870605833 2.29203230631 1.59767208629 2.63447120555 
-3.08100838231 -1.3964659786 2.96125489322 0.587775182873 1.20997283012 2.91599032797 0.790076952603 2.5136447764 -1.41054955723 -1.95853748384 1.78670136883 2.90738081374 
-2.6565540152 -2.07084854082 0.986909570498 -1.46834713996 -1.77390367141 1.22706079307 0.722996259444 1.11093629852 -0.806495178214 1.46032808694 -1.65983416635 0.151103112365 
0.240812617135 0.0712781278408 -1.26093972663 -2.97859822376 -1.57697681098 2.86280516554 -0.56799939227 1.14724874871 -1.88238110183 1.48334491294 0.888260315318 -0.707472977441 
-1.45786784498 1.97221486664 -1.43718749476 -2.04917297214 -2.06891479978 0.493935696444 0.317975777494 1.63310165045 -0.513458104119 2.65677260414 1.27255306693 -2.5542532075 
-1.99483312173 -1.97321891107 0.580936563396 -1.08970275032 -1.71310524823 -0.853918267769 2.2559711549 -2.01136511321 0.273733843395 -2.16840903834 1.41749720162 -2.58399469714 
-2.55970240239 -1.84479811 -1.28129402089 -0.789136309249 -1.21956579568 -1.30950241178 2.06118858215 2.88714465879 -0.440061305819 -0.427453205883 1.50558217172 2.96866251362 
0.351577238266 0.35244588914 0.561838370487 -1.26782062748 1.14852960024 0.823631442129 0.703938117742 1.75757801638 -0.950405813853 -1.74484509625 2.14103654082 -2.45337920062 
-3.10285407151 -1.75514659117 -0.39646082307 -0.484044531644 -0.700874267018 -3.01774674539 -0.911869161797 -1.36712629389 0.350013132878 0.593888315735 1.44514046919 -0.166849384663 
-2.5543071943 -1.69326243436 -2.22244065829 -1.90405009888 -1.06206612449 2.49929177103 2.31181332319 -2.09237764551 -3.09553353535 2.62879896747 -2.13283264776 2.80462799369 
1.45664836284 -1.60586629022 -0.689313945225 1.79972176704 -1.88521828516 2.25508514436 -2.41171083292 -1.5335879221 -1.01647052214 -0.815477416952 -0.663834263069 -2.30802448068 
-0.222503032945 0.378658821577 0.367191613857 2.39694677675 0.637392281341 2.50563707152 1.62747932122 1.11160723526 1.75780029004 1.75256170198 -1.77025347844 2.50564707152 
-2.41427297314 -2.21244266177 0.081571819325 -0.554007027586 -2.16798012276 -1.85910025883 -0.651330663812 2.75451649628 -1.93740976902 2.92205728413 1.86368544997 2.70519816029 
-2.71670273603 -1.13580231133 -1.63015197866 2.28372367412 1.63837825155 -0.747653139581 0.737861337872 1.1721605242 0.858506260217 1.98338397469 -2.13841922814 2.43804332612 
-2.69631256715 -0.883015965223 -1.79027556494 1.21197208916 1.46759604437 -0.416825747899 0.830297581103 0.602055415162 -1.18531365913 -1.48419081557 2.14131387793 2.62375896054 
3.08674917991 -0.524703390666 -0.847691331371 -0.947667255234 -2.61090204221 2.31824881177 0.461605709162 1.48745974354 -1.51079107941 -2.50018610201 1.35411607858 2.37633160264 
3.09645416425 -1.92524729547 0.139799955468 3.12926656686 0.620926059489 0.163384708642 -2.74661551607 -0.0345017976376 -1.62181262898 -0.41967189019 -2.22844799601 3.0286792475 
-1.16943969273 -1.7161949153 0.0494947018352 -2.23239134999 -1.92551308135 0.773013450171 -0.338251412816 1.66171761563 -1.81548364206 -0.34421278679 -0.150119249446 2.80361737152 
-0.798319007975 0.313923136088 -1.9280439166 1.20579178167 2.20169089906 -0.685849836171 2.79562770457 -0.803328087415 -1.97234430991 2.10430909415 -0.679993765189 2.12863785272 
-3.06623644941 -1.58979800555 -0.0586568486062 3.08310894591 1.2792865217 -0.937161906979 -1.91084487278 -0.7551410415 0.222380380354 -1.58060308756 -1.98544121859 3.00441489772 
-3.00235858506 -1.32753525802 -2.61680383939 1.42255667815 0.497621111808 -1.84125703065 1.10922170985 3.13417319449 -1.9134704891 -1.79509483455 2.156817232 0.409040042919 
-2.61123622396 -2.27382310262 -2.63177393059 0.636474623238 2.00098288675 1.42287538529 -0.0165310089593 -3.07379927627 -2.86380776336 -2.57114489068 0.086686513184 -1.85981793424 
-2.31677702074 2.1500835838 1.55507724521 1.94391063528 1.56256362892 -3.0204026387 -2.62245979461 -1.44805214904 -2.40398890764 -2.14776136403 -1.40995794942 -3.0203926387 
2.67875852643 -1.61105208731 -0.791746875903 -3.07216354097 0.530190354764 -0.147965318702 -1.39072851973 -1.46311030648 -0.619394996887 -2.01731643041 -2.04267924414 -2.57763040778 
2.39714702157 -0.876040508547 -2.14845335879 2.19274229155 -1.06504473299 1.38823810193 1.23892344488 -0.0723763013847 -0.346316686815 2.38437858862 -1.35735874107 -2.31411842372 
2.53622779195 -0.684759560308 -2.03370777996 1.17018812436 -1.13028436763 -0.297114375594 1.66663490813 1.71933242792 2.46982364148 1.90322079151 -1.58983022483 -1.21439269147 
0.591316063257 -2.68860256563 -2.04766973075 0.565051714511 -2.34085385187 1.20358580984 0.0325525576902 1.51940702166 -0.763629664301 2.77016326671 -0.0369669140091 2.30458836372 
2.50182372305 -2.93464610098 0.388603119236 0.461542383449 -1.27432445117 1.07603089477 1.03188749558 2.92133055227 -2.0062855089 -2.24665153625 1.79048494889 -2.13463490553 
-0.908698026027 1.87153848322 -2.02008806752 2.1434828624 1.11581865178 2.31060432081 -1.87220256721 -1.41294540274 -0.188529207078 2.1036470621 2.13356972429 2.31061432081 
-3.08174083224 -0.57489319782 -2.20052581996 1.63737544828 -0.467263720545 2.12881268551 -1.57452844112 0.880491041835 -1.89584240542 -1.2742241277 -2.16457537363 2.12882268551 
0.772148470553 1.0377867281 1.25027528673 -2.08922586844 2.67205758835 -2.75995548752 2.657300706 -1.93588454946 -0.0068769950076 0.667857642443 -1.84220765191 -3.05568603889 
0.375698608749 1.66440565353 -1.65982789736 3.06616485249 0.125539059832 -1.96179284736 -1.91422823461 0.615391261797 -0.0275344786874 1.00853037137 2.07525201949 2.82612995419 
-2.93476530941 -1.39651087597 -2.61715946725 -2.85947388112 -1.98298777818 1.2675445469 -3.10410795285 -1.74327666072 0.474354909421 2.33313192824 2.88816827364 -2.0995467219 
0.271248051327 2.40399130853 -1.74476275377 0.581085469056 -1.39841941269 -2.74139731579 1.24976347778 -0.126466180791 1.55871954717 -1.37415037445 1.01453256507 -1.10691922618 
-1.72415239903 1.00066491808 -1.54186441439 -1.76325779517 -2.22743558913 1.65193541735 -2.65394551514 -1.21508617652 -1.64491624289 -2.60011987052 -0.211249536885 -0.315776003243 
-0.0457971614116 0.185850827728 0.613988817382 0.210652338877 0.26199654771 3.10203512151 -0.0115832821967 1.90234247073 -0.286298226008 3.05942007068 2.66961150548 -0.267133237225 
-3.03603540876 -1.6859659826 -1.954116079 -2.77349825081 -1.3804473057 0.660223003077 -1.94411391024 -2.0215202871 1.09471324262 -2.14975507472 -2.15319988277 1.21193822527 
3.03895485132 -2.29130917092 -0.00846362634071 -3.0242779849 1.69548189448 -0.152677689977 0.256481813153 2.15947715535 0.138686060405 1.66678185164 -3.02027657842 1.56450389598 
0.318737524576 1.2852601948 0.286237723272 -2.52404809057 1.72354208346 0.969062535259 0.838025417827 -2.13690802579 2.35076029172 -1.50408148655 1.11701250479 -2.37461712448 
2.27359252137 -1.11473380431 -2.12811644128 1.49669403096 -2.20226933805 -1.7733023604 -0.31913543459 0.776986343007 0.0453431348593 -1.63429261479 -1.62935720208 -2.3179201265 
-1.33508213732 2.8838755673 -1.03834074993 1.08857416661 2.29546364188 0.201027473542 -0.215876576997 1.77564298268 -1.2096808775 -2.23320038006 -0.574324100715 -1.91869298345 
-0.599482494321 0.209131144596 -1.93973363463 0.380790335338 2.32395672736 1.80475337158 0.170926597383 1.4312058275 -1.87758596982 1.07085888699 -0.406353698648 -3.02494019294 
0.0719492872951 2.79436641875 2.79867061466 -3.03817235928 -0.162994588447 -0.750860381794 -0.445237715177 -0.611690850361 0.659682408858 0.756869290614 0.698589220395 2.88286715254 
-1.43020965817 0.99668118059 -1.76806430118 -1.60504205284 -1.60570166572 1.28603337402 -2.31625275585 -1.05218180197 -0.945249331765 -0.744426800055 -1.1972386061 -1.80156630653 
-2.01054171231 -1.38914371146 1.19857073565 -2.26945757433 -2.16084641608 -2.804697992 -0.122003632914 1.4057828591 -0.365621408252 2.91234668389 1.73884486491 1.13003167787 
1.00453029323 1.19530940337 -1.71502859979 1.81101560829 -1.39816802966 1.88261508241 1.9908624482 -1.82104540942 0.471485636765 -2.29405181725 1.59852546396 2.43945800284 
2.86256010391 -1.51958925236 2.39801516799 -2.57595400373 -2.78153113691 -1.38516374214 0.476630236572 1.77503603008 -2.16676914634 -0.809897379159 1.3349467028 2.71078598157 
2.84893130957 -1.80194282782 -0.613775170982 -2.78610143042 1.14796829102 -1.67577271528 2.39805700914 0.794528505614 1.02848802149 -0.747139002416 1.76554992744 -1.56616125343 
-2.68567386415 -1.60617209316 -2.04044732529 1.62000153729 0.961934081396 -0.462819582274 1.52025237424 2.06748524919 0.281295685332 -0.967912899293 1.45371998574 -0.0512106558521 
3.1318328059 -1.04504423972 -2.91300563064 1.07119486193 0.500249724111 -2.59668890664 -1.88461280587 -1.92807605711 -2.53998691919 1.62888524073 2.10514952596 1.56129925319 
0.515118806017 1.92225634955 -0.929896961498 -0.0523347913436 -2.20239218331 -1.71856225135 2.3119398742 -1.60296973824 -0.482182620888 -2.52066518036 2.49057359061 0.859865431787 
3.02640286656 -2.24052138358 -0.581067034562 -0.258476268503 0.800219855989 -0.785919202792 3.02643179437 -1.28224276238 0.389806954291 2.41367811602 -2.86233580503 -2.88189559753 
-0.371041789713 1.70106626634 -2.04986999548 2.12906203721 0.68437961749 0.288016386027 -0.970622939665 -0.792938574201 -0.0450688497428 0.971155049452 1.86947332462 -2.81305559028 
-2.82443650946 -0.98855409573 -1.4035934055 1.65122870111 0.715363773918 -2.43561765665 -1.57093744342 -0.232853491991 -1.20830063825 0.995041578079 1.99884773615 -2.99285459358 
0.803550845741 1.37655008559 -2.1790560174 2.22051882272 -1.4446667221 2.98288095721 1.94586734468 -2.27976396354 0.880273705279 -2.17393466032 1.3324573626 0.933202132041 
2.66799431131 -0.767292873654 -1.80404147471 -2.15832954416 1.21771326497 -2.59404435862 1.06315615801 -1.73329648721 1.2577487396 -1.3142081038 0.598484856267 2.87862598703 
-1.27380430145 1.79863309614 0.831804555527 1.04519292635 2.02742164524 1.68080363475 -0.0161579282598 0.667185715201 0.0244712259111 -1.1739959942 -0.0900239215457 1.31405047229 
-0.0414175904383 0.191185455403 -0.481171043429 1.93123683139 -0.696629025354 1.78670314413 1.20231618032 0.850352300759 -1.51712377506 -1.76897357466 1.81980356957 -2.93657226052 
0.29336954362 -0.0550115053621 1.08972769244 0.422315026329 -0.340905119084 1.59673054698 -0.352839752068 1.6275281802 0.0601883694266 2.62469296725 2.38748596346 1.18798659577 
3.02949365032 -1.76043624854 -1.21319606778 0.189621565215 -1.31206257068 -0.64219795775 3.0057308969 -3.00629641745 -1.31125747887 2.88070159138 -2.30252592436 -2.70299755478 
-0.104835303878 -3.11495489592 2.88709627585 -2.40951259562 0.185706669875 1.0537316769 0.911660174179 2.63812261342 2.50458051656 2.0978441604 -1.73527773514 -1.42849815434 
0.102352674586 1.41530888777 -1.56993693963 0.436097481487 -0.332501525735 3.06597180657 0.190771552852 -1.16344947948 0.105420702095 -0.21773603735 1.52420823315 2.85261705869 
-2.86059707816 -1.71264569005 -1.22874488965 -2.47745079185 -0.481985270365 -0.610792445296 0.782510046062 -1.7361461581 0.662031391803 2.43862047723 -1.77456903071 -2.95369064667 
2.77833511571 -2.05454206432 -2.52426589136 -0.105342042388 1.74929629967 -1.57989636598 0.8499015712 -3.02711074838 -3.05024300589 1.81554741589 -1.06814819588 -3.04960809168 
-3.02770987318 -1.73933883189 0.963948208946 2.85974810959 2.6205470948 2.84136435108 -3.12170720582 -0.0859018152437 2.74250445538 0.0705211165606 0.755435900052 0.028000518967 
2.74897036559 -2.02093832148 0.0564569083678 -2.29604263837 1.08202834616 -2.80883377189 1.2240849613 -1.37654952297 0.901787522042 -1.00898222985 1.09047011956 -2.89393084849 
0.14764799987 2.46446753193 -2.05002430271 0.60264496993 -1.68072462656 -2.58103746141 0.72097097987 0.163994052776 0.347182109972 -0.674492880847 1.27680117794 -2.69157118066 
3.02581010814 -1.80353098921 -0.420820700714 -1.68026665503 0.295440232575 -1.05714701015 -0.988170919395 0.43721771382 -1.8997130298 -1.93430024352 -2.37118744339 2.93083990321 
0.227304377017 1.72854834282 -2.87166009494 -0.201199178384 1.36852861019 -2.98289271779 -1.24588091585 2.10119428339 2.37018478181 1.22977199349 1.42999743346 -2.98288271779 
0.0247119831957 2.07908175598 -2.71483727885 -0.399215364856 0.0595950538634 2.89494460561 0.821905897405 0.815619810985 -2.90041224073 1.92116128438 -2.42898680967 0.0449203698161 
-2.29355807064 -2.44623002845 1.10105945605 2.07686012449 1.64885973762 1.88289207232 -0.0492336928687 -0.144636557914 0.864165541826 0.253467877525 -0.702957558957 -2.26979367875 
0.422220723511 1.18513047446 0.687126483216 -2.39943680643 2.44712964331 2.02099882619 3.02933471232 -2.29893419672 0.814887743303 -0.0354395080413 -2.29314479917 -1.77277936319 
3.07686039566 -1.70784203198 0.674029650852 2.95494296098 2.70451709427 0.640119753899 -2.83336176208 -0.606088431605 2.82870264917 -2.76015593102 -1.57416239856 -1.03293208771 
-0.799131185755 1.37448929255 -2.0978708868 0.806334843221 1.07961835307 -2.11497102946 1.47877309597 0.257271072304 0.093427665989 1.43658495235 -1.62851503274 0.311820290367 
-2.04342020622 -1.86336005218 0.721484864165 -0.667767957004 -1.99521510881 1.60545453304 2.19061605381 -1.40226806462 -1.05300528545 1.55241602939 -1.42673795379 -2.75463307952 
0.182945084022 1.62821590355 -2.80466848656 2.41106927472 -2.52562992874 -0.372743586878 -2.8551309816 -1.76071158281 -1.76109729341 -2.71791304671 -1.87624704298 2.90567726208 
2.65749109161 -2.10701750323 -0.813039718499 3.04642942877 -1.19306904648 -0.104190867686 -2.47809474795 -0.736465807109 -1.41134148603 -0.160320832523 -2.41203898777 -1.98935439922 
1.63460295704 1.08163761111 -2.15207543146 1.42383020227 -1.77326074324 2.71191362858 2.58023753146 -0.640896963391 -1.77408113253 -2.50932554915 0.713568912821 0.466921624826 
0.560620757297 2.06620581385 -2.06279493389 -0.345325930973 0.757391033046 2.02460608979 -1.50203557161 2.37248346196 -1.30208746076 1.82072382955 2.25902230045 2.23537951819 
-2.93295905604 -1.58357881303 -0.502355241715 -0.450057375903 -2.07346193912 0.6138106901 0.400142655562 1.35579402071 0.818088591585 -1.24611777092 2.63511920541 0.90730207284 
-0.80091706031 2.19920825538 -0.619719822462 2.20022901947 2.27506867373 2.30949638777 0.494354764024 0.797381471027 0.613253591425 -2.72224999193 0.723391062153 -2.40362840311 
3.03968615564 -1.55830235211 -0.343458068262 0.143954838581 -1.81975939363 2.99868861817 -1.280833933 -0.0921721348106 1.8564305787 1.66731408047 2.17799002813 2.99869861817 
-2.93804383815 -0.988927693252 -1.89497985842 1.82439366534 1.31983503569 -1.01116902077 1.30574463319 0.513163027265 0.312131282033 -1.04950732356 2.2157139043 -1.51654360176 
-2.62775110179 -2.48981019177 -0.346168342076 1.29872724845 0.862854123576 2.24672300397 -1.19726989603 -2.6922922667 1.84413059797 -2.41864462724 -1.43565003357 1.9030798254 
-0.275033958229 2.86626467614 2.53565960048 0.423685897313 1.40484628579 -0.0960939227241 2.9434658683 2.74282795627 0.67763175284 -1.04384158086 0.40798394024 -2.15382837445 
0.0592858266618 1.71042623929 -1.6816815007 -2.94956419002 1.00069915823 -2.74977867787 1.38090205319 -0.556559595741 -0.162528464486 2.36741850766 -2.14902319166 -2.74976867787 
1.79472921098 -1.44315483388 0.502634443079 -1.71631050605 1.91416438312 3.13100570849 -2.58757633735 -1.85979737349 0.142442464748 -0.673144413235 -1.26237870931 0.739687759131 
