400
3.069600193556482 -1.3381400765010212 -2.369676023677707 -1.9459482284001508 0.1335714922853226 1.444788822540654 0.05831194265992766 2.591319987963815 -0.16976905152005273 2.982596418756343 3.0302509518009306 0.27108470507074256 
-0.9291360835176565 2.9923277596560816 -2.7245325054295706 -1.5659851357072432 -1.7435740799025978 0.1309334703990415 2.743573162451396 -1.374603809871922 -2.9095632790184527 1.885878055082543 -1.3757352225933241 1.5830575280477965 
-0.04504954932058268 3.0649093141986925 -2.9552975364761003 0.091548155834593 -1.2375870263136344 0.8903660958155071 0.21976626466860974 1.6699504342371252 -2.7774353751464775 2.887159981913166 -2.2526775704772932 2.302128664203158 
2.530041312103393 -0.9632107187286136 -2.959047662374087 -1.7508913495847587 0.6418869307036763 2.527128627045575 -2.5521702020798664 3.001949913370928 -0.340719234419085 0.2671498060014006 1.2136532926771768 -1.6945136105234655 
1.1694976976722165 -1.2832379016120858 1.5103848166333758 2.0333564477963786 -0.7256846211146446 -0.9364617257371859 -0.5481186741207081 2.3655959042624604 -2.1756382580094327 -0.9403688496794483 -1.1641508486424046 0.2680900811521728 
-2.5928587499968985 0.7871659810486688 2.2541879154349163 -3.0813561778040826 0.5222189717646725 2.2538919987168122 2.5225544602845837 -2.0282442072496174 -1.2773771700938412 -0.884526741182364 1.377520177940052 2.0327660976009754 
0.23448161698747566 1.5725825475964048 2.572705660721422 0.07599661089452232 2.025858646975752 1.1597034892382314 2.6291955341620166 -0.2042013886413544 -2.6627646232094033 1.1884236731959745 -0.8946324552492112 0.9065776578412017 
2.914881692556393 -1.1438009579514967 -2.5722440719814212 -2.4706660800478897 0.4687721703520804 2.8384506098069497 0.1804059922937425 2.683051768118733 -0.8564334639280358 -0.09249212304797418 -2.723475638573328 2.4153334814090917 
0.07729386329719977 -2.9387351720373847 -2.882970486899145 2.382301471025841 0.20661408393898179 2.044994722275672 2.31951777925138 3.107346030264719 -0.6086282745171732 -1.0024321570222687 1.3700159703375645 -0.5554821877181371 
-2.666790998784968 -1.7593718466348813 -1.7423172529454352 -2.0144953136483266 -1.6541474730995809 -2.363600687887002 0.8614953469293074 2.7534154868901073 2.702231213818015 -1.4660541430379006 2.094866530038813 1.9932916414281383 
2.5694341558533003 -1.8424201886744367 -1.3516435803200384 -1.9304788723530169 1.1677204260005236 -2.8756287403963117 -0.7053075064910389 2.166481207874284 0.4989478816956118 -1.7757944097238738 -1.9672468613525191 0.21499698144472643 
3.1005251799638276 3.1106417287577504 -0.24406900204226553 2.0435240836792055 -0.3402309489307898 1.6086572812714577 2.1879106435094933 2.931890627747977 -0.33826792791273086 -1.2853840656945907 1.3310872363394746 -2.7423691365914564 
0.5383904774527475 1.4930818526383336 -1.4905030136269686 -1.2668205086417896 1.2224488567657144 -1.786430067092999 -1.2371615487178231 1.7749756814299136 1.5484258233401451 -2.2585543053611112 -2.4105746034049074 1.0257745647128884 
2.8780882004237713 -2.1134296207500314 -1.933719845014245 2.687751027948555 -0.9500483554287293 -1.5148593387638927 -1.2818214255725566 -2.2364704439313314 -2.8411998889020724 1.7487170387866715 1.509996775514231 -0.9934376978798445 
2.969209370384718 -0.6884869912713006 -2.8983941194138194 -0.5889066952285171 0.6613603194109144 0.5982606801040967 0.4496729223057258 1.1180856193897355 2.139473642758997 1.5348449632240155 -2.8722497465089774 -1.6433204864054338 
0.29582597008862893 1.5707729081147839 -1.9803881718818284 2.938761330371001 -1.7680890494578232 0.8329842985579399 -0.29019724442369116 1.7439474271470319 0.03200931664731588 0.5983720172612008 -3.048360540354571 -2.8458647646532036 
-2.906828827075262 -2.472966125695917 1.737709933224908 -1.2568110497994673 -2.7441068572093226 -2.0450126868228278 0.23103433111356783 1.5959364973803725 -0.4333735827705339 0.3807007310131669 -1.7542352959129965 -2.2535950162259626 
-2.842927074416731 3.0583114461394394 0.6557836752276895 2.3461794600688166 1.1954616190583294 -0.4122392001781917 -2.3760603454470637 2.9530270377636003 0.10209480334476993 -1.9670106075002067 -1.3078636474312564 -0.26650322651152 
-0.026260461334252267 -0.49892481023034385 1.4302474583533764 -0.9291022308499745 -0.9547621755996792 -0.9889409597062715 -0.7676358021874687 2.2052593600619383 -2.304266236516177 1.7338418355183818 1.452119620598662 0.005165510655314957 
-2.141763622276106 -2.954455953381846 -1.0133915061603207 1.1668365469643367 1.503462044282761 0.5671454846471892 2.9464602408184715 3.078388068816884 -0.18982870975791152 0.6406910215925516 0.0436065958259778 -1.8937605364307917 
-2.974810809361961 0.16718335774765197 -2.7705825852364527 -0.06346801428197903 -1.1770579787365623 -2.915748676880076 2.7469311203180395 -0.09763262651754624 2.565173495707984 -0.3939418479545512 1.3862879770657814 -2.917390262058023 
1.9613304707150536 -2.8267342285941535 0.16830709035966185 -1.6572900115188975 2.0331674464711207 -1.1630379980918717 3.076027422794444 -2.897352888332679 -0.25061621733198597 -1.197859722994192 0.8755471888749166 -1.8207289890934903 
2.9889629697769875 -1.1836712277888204 -2.225923531819057 -0.5671932371143051 1.40113243923604 -0.19468057820787088 2.1684350337556713 -1.2941064528788542 0.07558328523395212 -1.0362003154119077 2.300796968283451 -1.559980888464436 
-2.9689124748350264 -2.1426113443089285 1.0532262484863282 0.27900023935027835 -2.5046287090294386 2.434235448577129 -0.6238176318864105 2.8421480230928333 3.128697233341344 -1.2183919840299904 -0.9134139963657384 2.4688481186229487 
0.5004832401164739 -2.6035543791350255 1.9516159198895293 2.5973502602801024 -1.0845607784633724 -0.0977604277184577 3.056780030178101 -1.0761103653789883 3.124881886762881 3.063415347575593 -1.4176049929255794 -2.5569296157254104 
-0.9887165023379036 1.6353521059671166 -1.8027827730402823 -2.425967080162497 -1.5131520626966843 1.885226553760109 -2.155185817988324 -2.709329745257321 -0.42062358969276326 -2.6122731255561202 -1.0016158744454515 -0.838564664559701 
-0.8973317956180592 2.760118233984715 -1.1152613931269872 -1.0770102563927852 -1.9558845868785506 -0.9796928198611227 0.11904234179086082 -3.1072770253934037 -2.639586374746003 -0.17859862942971802 -0.18993591866203544 1.0735339030582742 
-2.689034567668413 -0.759655704476768 0.326195344670388 -2.201528561108403 -2.757632784850277 -1.293032544529155 3.1305609142015167 -0.8955744154557447 -2.3994916102018315 -0.0906694913295044 0.7879791949164171 -0.5998320979724586 
2.7672395238214906 -1.8210487052917306 -1.4288414559009666 -1.184563118795018 1.2407624510772006 0.39944228950868677 1.6474106092686183 -2.9751054337477933 1.1680673966957709 2.2226797057423804 -2.0467681535618683 0.7355205362042379 
0.7494595119864773 1.5640998679183449 -1.1568216380217733 1.4676746119686293 -1.4846907719285978 0.6726661865732101 -0.527741738158473 -2.1565019053603542 1.9529374296519872 -0.5895255668129082 0.3151365046011714 -1.2511674790446405 
-1.651872214837491 -0.8570342901669369 2.370991707742442 -1.3828502554276292 -1.5205357221473923 3.0176702516656557 0.09889350456964303 2.905230221021132 -3.0728542918388175 -1.259519428979269 0.38978814638973946 -1.7410974337106249 
3.13393558600729 -0.7332756264304603 -2.97149742698134 2.5237684604602006 0.09635890040677099 1.8964075293683926 -2.4972416509459556 2.331525718180052 0.45442507620081585 0.6025424484796041 1.2066946634327442 1.1780692023427983 
-3.072535374184208 -1.63315369510371 -2.3960323316944336 2.6345140763024495 -0.6098529017055665 0.6673630561075531 1.5540381217087256 -2.2310668292205316 -2.2325026758058617 -1.8638404111111078 1.9792797060828473 3.05518613305563 
-0.0794010869693789 1.8682133527322384 -0.03478245671463576 -1.7946383958365903 -2.8200844529674454 -0.5661168830475293 -0.26376540955004635 1.46388818796293 -1.596343229170647 0.3422959331032086 1.5761692841624786 -1.4306066358909864 
-0.5222565868930296 -0.08855398971248538 0.9984648399321889 2.9871216797301052 1.00041378791534 2.2877888093162517 -2.1091165463091546 -0.3606647046459451 -2.9916722022844024 -1.5181414994487177 -1.410340364141304 -0.42174015322396885 
2.690995360893694 -0.6061627705770993 2.798044415338539 2.3974427927497675 -1.348690762746483 0.5943967946685899 2.8319331554522735 -2.663214182490324 1.2776854726887354 -2.498746149484146 1.9619525093537558 -0.06250894103315313 
-2.1740190223682414 0.12978900999793463 -3.116274309232898 -1.8013224269378343 -1.285016946868741 2.4983318217298285 -0.17310342045882834 -0.17632780572372028 -0.014884695797305447 2.7756816184878175 -0.48594569998556736 -0.6429168562088119 
2.3869244314464306 -1.1579171395061785 -2.400381083764465 -1.7568208855600516 1.2787810808500621 0.3726766110387031 0.267016682896 -2.285144160711611 2.7014093866802744 2.6550658667073415 0.776926777703323 1.298913421885998 
-0.3656450249686465 1.7160236730436023 -1.1021212786367447 2.751493862478802 2.28145283590108 2.895395532873084 0.051633792981535365 1.1723360247954524 -2.032224081630145 0.47262577731989536 2.3744891110179234 0.773852675574856 
0.13049327361987975 1.1682237258852373 0.9259532813234221 0.43517710219369166 -2.2428896707736268 2.3134170346924448 -2.696785759249699 3.037630667901327 0.958725807717344 -0.7026846471481711 -1.1899525792864027 1.490530735873329 
-2.529619212646328 1.9073035957952662 2.103247098576223 -3.0991891441116888 0.942313082083686 1.710883088009917 -0.6335158148047565 1.2620097388889102 -0.9475805666808421 1.7344001237347975 1.318618384809757 2.628170535092394 
-0.024019541126231808 1.6731663158083498 1.8292195629333046 -0.5672680531845035 2.9424855962597114 -0.7738028687755168 0.1832081586647254 2.6674708281927244 -2.9322738493215432 1.7681329778396577 -0.31607617153644113 -1.603856227762334 
1.3007585328700093 -1.8263157169367916 2.9453316493576285 -1.8167631933265622 1.357301636182978 -2.9589044485864004 -3.0299273648955185 -2.903018757396364 -0.32549553062436853 -2.7636063612470254 -0.18687977492994604 -0.9997260933362773 
-2.923726139972149 -1.9118076876160082 0.3421880014818905 -0.6197939167098911 -0.9701429666557122 1.881614016320634 0.6236790521557638 0.09875917381360536 -0.8796808301460022 2.354491861077829 -1.6659210983877377 -1.2260939882637643 
-1.7674860177671405 -0.5782309291404557 2.2533159602174213 1.465275784783103 1.4183982326748668 2.7267178482065595 -0.19916644108355464 3.0031390391284325 -3.1271742310003816 -1.4279201532888472 -0.12334321337015207 1.7543406834010766 
0.8497036559752201 2.2126453154859878 -2.0594215259312074 -1.545591236525209 1.3865969172946513 0.13585032093641367 -0.9719992697051705 -2.397486458386735 2.5266959685728954 -1.1846829698319743 -0.465336743981573 2.749037628359204 
0.4182929196565137 2.0192821568306925 -2.2176693189142984 -1.478300999352908 1.8110754083697547 3.0366324032569434 0.8242977662154568 1.0028737588152425 -0.029954779258292746 -1.1052974129771678 2.0241263890265744 0.9710538683751824 
-2.6238266699473756 -2.8069960816819957 -2.7299996917737226 1.0632109241210623 2.702026002218917 -0.5113512165590145 0.08387625282476542 1.7995274290592915 -1.2886120117102635 3.1107979571149933 0.030179529241948458 1.3508407096996915 
3.0177362333296185 -1.5276383862643108 -2.807184349137712 -0.07669677337743064 1.9757965913144568 2.336979422831822 0.25682979437342546 2.4453973232092934 2.5567323561878434 -0.22666439193195304 2.071345634929422 0.9349508268975526 
0.3076037368378818 3.1411462066176385 -1.3592854089614725 0.43583857232385037 -2.715648788522409 0.5593781420337404 -0.005247526545128167 1.7128900422456412 -1.2114844658715067 0.012646519709996326 0.44616646879271804 -0.42627725903297337 
-2.7978198873223743 -1.9661713011727227 -1.4995896395376067 -2.4714788400752363 -1.08322785101884 -0.06256905188149096 -2.9475329658462646 -1.4782025725710817 1.7236362113250026 0.5836311186537272 2.206395917659876 3.121202540874015 
-1.8618246966840362 -1.9222907060209444 0.9659010450272226 1.2473786350804144 1.9516636127953797 1.910087829449308 0.0668332217951896 0.8633248480119144 0.2947684162551978 0.3419711888956198 -1.678139063114972 -2.733049765148452 
0.023156575132616375 1.3837546405983117 -1.5408048786490998 1.7836028538892696 0.22768638200597013 -2.749612013811733 -2.4691273544515826 -0.2593380134229276 0.42873758724060895 0.8578002755202103 2.5819212526203605 -1.2703436466713334 
2.7024758302513505 -1.5777844289433793 1.7117850147397613 2.1582510649768625 -2.4779925086604537 2.9621622854197533 -0.20226800577843015 2.679336414973329 -2.910534135482162 -1.520700399507142 -0.30982115446242986 -2.3799677633185397 
-0.3949316826719924 2.2792843312105466 -1.4132221694258218 1.9454228354331182 0.8642345710951955 1.0331757775305592 1.5359279467253881 2.8479599128408677 -0.5997714543503163 1.3995081546830914 -2.118089571702863 -2.7783688004950915 
2.3754876443447888 1.668045913813237 1.4770496453192807 -2.082225192469481 0.7209188656041973 -2.6600545532636906 -2.9041686744243678 -2.9738143645604795 0.02878046469476826 -1.978579011487467 -0.36210464752022964 0.2358620485357023 
1.4697069430094571 1.6536285721434523 2.282201417710019 1.574114076398763 -1.1565179154077703 -1.676734821778174 0.465568917727975 1.350163301314282 -2.0501208340947175 2.278090032921184 -1.2771477068024009 1.5080336759082724 
2.4011813785630327 -2.2527611928198077 -1.7871159227208064 -0.904017662384604 1.815336625345317 1.2009176018659455 -2.986007420295774 -0.856948012495967 2.7289621916053126 -0.3672942501377011 0.6864335897338449 -0.43754777894726476 
2.8780494642114522 -2.360837139464474 -0.844635345337214 -0.2928492088924681 1.8619699846973923 1.47419677200764 -0.1109977672358609 0.9480164450486914 -1.0084510452175808 0.32274553682340557 1.8124573826347266 1.8167111330688488 
-2.7836726606951814 -2.192562529227074 -3.0366347780933243 -2.3043337534362487 -2.806850359637395 1.409078080250256 -0.008831616188344315 0.9480714894170894 -0.2485397047645091 0.08676756679561576 0.09385941211718635 -0.9532849311750877 
-0.12045316966595757 1.6726433620579981 0.8621457649883972 -2.2238549369184226 2.850970326337039 1.7713670398806107 0.49687936254443854 2.5016796801522587 -2.9209231815214944 -0.8539000653840969 1.185727038002784 3.0158103344629605 
2.0668219426373082 -2.281621310138359 1.6005244524719922 -2.0067237120690145 2.043374035964097 0.7135486565071708 0.2587989053887767 0.35804160408438596 0.4948292939312519 -2.6346867979408506 0.9128701622722171 2.8843498713561897 
0.11102137479968374 1.158804787162644 -1.2215539237580455 -1.529881220537052 0.1744706576005921 -2.3075733901857207 0.12031513577283065 0.39828326329867425 2.902910994183623 -1.0611247581227115 2.930898386176747 2.78580377162509 
-0.5712006532524708 1.871918944792101 -3.1164143390662518 0.651693287259336 1.9278769457144864 -1.9914549204887129 0.3206298611077063 0.6599706895719066 0.9835725232183111 0.13532694781812626 -2.2493014033724963 1.7645043576004464 
-3.098023948344735 -1.9040787009478104 -1.0918290243512117 -0.445420221032175 -0.8247244297891756 2.2599245860302863 2.227671344837158 2.054971512657583 -0.0329096936550709 -0.47189239450436493 1.7678931788157815 -1.4798179351181402 
-2.835426989200346 -1.9192131985222214 0.7675349056859866 -0.3323581133148011 -2.1685682509751496 -0.26367187594566577 2.711928347478568 0.35013126735231764 2.506605055335654 2.3591879346898956 -0.6611552116760508 -2.2522825294339146 
-2.6473631642515736 1.307087158997939 2.2219454549650006 2.253126075301264 0.4056106826466824 3.098086436643944 -0.3766851860374275 1.9989601431295556 -3.058561338448962 -2.5559816325993987 -1.2551245574217549 0.5766767998760787 
2.2784899320888483 -2.320938714573413 0.8555608603368414 1.5906580573193594 -2.502925758278218 0.4319984020796381 -0.018329632521684756 1.9719529934152877 -0.9460948340208457 2.7543863051462227 2.0128050635101715 0.07620714771913291 
-3.096630569033268 -0.2986350498647167 2.4174655220090044 -0.43354181599689134 0.7614219612297407 2.4872242751458717 2.410903804621757 -1.1660259285706116 3.1039473787942975 -1.0169358183619919 1.682500265602183 -1.9315271368499551 
-3.005988107865351 0.06622394284930343 2.379680381130196 0.5756929709865397 0.4699909250034416 -1.6287603863262194 -2.9190396364737246 2.8190591239818783 0.9491065980228491 2.319019794191665 0.46123372558155024 -1.2964917335110953 
3.0762621783442197 -2.160225117059225 -0.7027893492994258 2.668411567850541 -1.0018860621541008 -2.22052820246384 2.3785979022283295 -1.3976440110915784 0.12031950390082422 -1.088541160141022 2.5494556354039615 -2.4293452985835944 
-0.27288126628656273 1.9757181696450523 -0.7576973176129105 -0.39649278188006226 -1.8208230366036113 2.649109675324744 0.6534206503415794 -1.6688437073893496 2.0065866575647386 -0.9650114377435718 0.4768669843273047 -1.3159894574032263 
0.78841196512185 -0.3586528674159264 0.03946833916362426 -0.9710385046991609 1.1314500610382605 -2.8295539817831306 2.952444041490281 0.1643808343524663 3.0410586509970305 -0.17046518000149333 0.2999797490092344 0.8619893311294614 
0.22280247991763835 0.8235084110417172 0.0877958666487959 -2.003180253809132 0.444822514157336 1.7037445210223512 -2.490212848097684 2.2854539519502426 0.4826054116940222 0.7212142475212423 1.3511641028826782 2.9280523688754982 
-0.34553798987417966 2.339956868730018 -1.5945948368791136 -1.223701552352784 -1.0046650389968903 -1.0019228177447521 1.5700591391905974 2.7525406343866794 0.007036142176366944 -1.6465936234163665 2.171666134941168 -0.1535700048449381 
-2.570009206198611 -1.0759792485348285 2.6230127722353305 0.9670926586592022 1.5934416013768875 -0.7556928900577329 -2.651948776345626 -1.027025891107667 2.9746801200634425 -2.218614272962496 -1.3268091219360825 -2.6641659530623456 
2.8590876997869366 1.269864623024944 2.008466112895625 -2.0053818332408504 0.0030478306167466334 1.9456719039222294 0.49237669936091616 2.168450837160716 -3.0674064702501753 -0.8241417218458736 1.2279738853482514 -2.6023497823735733 
0.6883686946577925 0.686061041309104 0.2334341268615181 -1.9932445815794513 1.9586484427754538 2.510716715363883 0.3156133741158928 1.568345837353787 -2.9360512387281013 -1.0126800595091479 2.0312010364918045 0.12333927356341488 
3.0207534030708443 -1.360816245875274 -2.744604349596243 2.9772834835380206 -1.4690756981208788 2.8145941455225945 -2.7124788856070072 1.7651537277131029 1.895802029029468 -0.36393970172016255 -1.0736778299031136 0.7924443840061096 
-2.9578335986757667 -0.8971172032078776 2.1566409489686107 -2.6314566576045446 -1.3321863574142905 -2.066201893831674 -2.7162074615250056 -2.4934960552020904 -0.9466031632265766 0.7828954609834023 1.1253475777005844 -1.783553736007354 
0.7186085610415383 1.7336188805056052 -2.557965032031809 2.6007446446583504 -2.387109871458239 -1.797135056793048 2.9297825405856193 -2.249552816724667 -1.102569878944682 0.2651634761344424 1.5265810772385355 2.3498239058544566 
0.5871073948267909 2.6214237185958504 -0.982485381646298 0.18937985614483846 -2.5712064127172716 1.172470635667049 2.6474822838823453 -1.1982776832764208 -2.3565200023155994 0.6729848236404876 -0.8534500557363923 0.706404390753939 
3.0773649246453822 -1.6376649666100818 -0.4403803571822498 -3.0575334050635257 1.7515939069740512 0.8993198165721801 -0.7701579118276038 -1.4298556959887168 2.2898438460420207 -0.6029466666460458 -1.704090627910249 -0.4535787200269214 
-3.135874131049643 -1.5252728676957839 -1.4012654876749382 0.620535140572257 -0.43328903339309544 0.10919188067985482 -2.5618593216224537 0.6162714759824099 0.8298102734255982 0.3330234558854159 1.8293229833439235 -0.6791602484611771 
-1.808778480270515 -1.4310661384988943 2.869052485626497 -1.5155429393661126 -2.4400926454737486 -2.0235652604878753 2.936947523768584 -1.6320644469845942 -0.6066113730782589 0.045221395885671534 -1.7700671376702317 -0.9557102606011192 
3.0818648825622765 -1.1341017171635155 -1.240203701919059 0.13644072929006937 -2.336030534213561 1.2448636327632698 3.0777739640555675 -2.8381408823332306 -0.17313045564948215 3.042548973800193 -1.4440641258054727 2.00821619773747 
-2.0268088743693156 -1.6609990965330539 2.3753048074230474 -1.8970737124810508 -1.6851183939408827 -0.4002716477894509 0.24748093436699445 1.4515573091016427 0.03379158368580448 -2.7458959973467247 1.6586409552022863 -1.962582244831031 
0.10140277907451013 1.635243598290474 -0.04767228782549804 -0.014186859857936478 -1.7029394935157702 -2.5731059629086968 1.6804181573457775 -1.5596184655041467 2.774121379917738 -1.5359395881748137 1.4606169747138296 -0.9272838014900194 
0.6028685559752971 3.06978502316453 2.8845539868561088 -0.47962748360942864 1.0626782955265 -2.55153043504907 -0.7661668167060922 2.0501843904897026 -0.4110787938653253 2.249841795078937 2.2290706171528267 -0.0912890630965887 
0.6376470329840245 2.0624003326407894 -2.9973759537019284 -0.7596596717427566 1.5912710174274067 2.159126897036557 -0.6682131225152912 -2.679756349693946 2.4144898995344795 -1.03956870102902 -0.444670032723247 -0.4896021058053444 
2.905052084402435 -2.166663039457382 -1.4177687498137455 2.6773627253362045 -1.027559623892471 -2.5036977458729526 3.0366375950223503 0.7744390588093637 1.5242556913109835 -0.7217198287229319 0.430409659084805 0.3595481381011316 
0.7895742558431128 1.0985352004085946 0.48386424230941616 1.0096565086994411 -2.477324998896089 -2.5466496251868516 2.737767569495376 -0.22695427898217818 -2.690599383338512 -3.007743517915216 1.1371746427581486 2.3514831745669436 
-2.2477591914654615 2.7589948051223354 1.5057374867365287 2.3939904061783985 1.6305716673739128 1.328848132006403 -0.3358176426283075 1.2636105858366973 0.2709549032755363 2.7368150942099114 1.9172943363241788 2.1505513603560615 
0.8453720280519467 -2.9389559885190586 2.9811450400316835 1.8397492983183927 -1.720909781654772 2.81744689504832 -2.5973039458530502 -2.124312413547238 -1.5330297043062426 -1.8616059529746067 -1.5845900646845283 0.9397113195865008 
-2.4580507008854853 -2.3891652463194664 1.0658174339053241 -1.0203609008822 -1.9813777964627732 1.8716536628289604 0.11993041090434574 0.4367893867333504 0.9477180737564395 0.3701171644525986 -1.6703670401340178 0.9818050727789522 
0.4830044195141101 2.2824065546387615 -1.1719890866198996 -2.2121787679632297 1.5248363408112464 -2.8132596853940175 -2.2721346165067793 -1.7047033163168308 2.8882184680077927 1.282365658292513 1.443236254437517 2.8199895739711756 
2.674522411279868 -1.8781295567561043 -1.5843674615717944 1.349409979851021 -0.9402838595703126 -2.5607903587665195 -2.0948012203142263 -2.4735589514546104 -2.740097726382063 0.6988661700660889 2.3497173989171007 1.1853680152847452 
-0.36487995931303735 1.7221272862672332 -1.454371788596766 0.3189258589109077 0.8124279915969478 -0.09822463413556726 -1.8987413230726462 -3.0404722208467994 -0.8804192314283695 0.5778616724111558 2.032957348215126 1.816343480641795 
-3.0601894538319803 -1.2567234397141567 -1.8167942478288654 0.860010695991141 0.8603724054836646 -2.095134483299775 1.7072314800812667 -0.18724988026933861 0.18006544430165938 -0.8310183029831552 2.2286537725740097 -0.08515336427038885 
1.3841716665222583 -0.12251740004618109 0.2494901843068238 2.203550074109511 -2.0175753230809974 -0.10344039494475137 0.16014585768998915 0.9542741241061056 -0.3133876744279766 0.8035332051443657 -1.44094312983117 -1.7512340303398246 
-2.8786011904600577 -2.7054202908047364 0.3169164505497575 2.882444920850844 1.461765397523604 2.8759776762470888 -0.6389604532038313 -2.6778832404352277 -2.6713722425568824 2.7052763756007874 1.6843589587738164 0.8362371760645508 
-0.041918097744387914 -2.911954177812615 2.9415775212246555 -2.7205540531079975 -0.4304696618422237 1.9051678888613715 -0.4119192195042361 2.0766751687164624 -0.03550967448050358 -0.762721281102946 -2.366616235215228 0.4225937316728275 
-2.908479575150046 1.1046929087482775 1.9450133978774913 -2.2262422622400146 0.3102162306371854 -2.426390154404601 2.516165208935599 -1.181424917429581 -2.5797236136233117 2.0685996690045414 -1.3816588250263868 2.302372493114273 
2.6652844331867778 -0.8538558462071791 -0.5342352609898121 0.3469600639133658 -3.016148862024251 -1.2595358907819554 -2.8657589789719147 -1.8478947473909697 -0.9923990822604187 -2.940258216506666 -1.0270651056091695 -2.3667418961615145 
-0.0751214692935419 1.29580321324076 1.0664594216807763 -0.5356297881617937 -2.4632833902808895 0.6112856035282576 -0.46275896450987875 0.7740374488402031 0.6603762455928672 2.4034862505548995 1.3048323632721086 2.2463115417850057 
-3.069360759506895 -2.3276899909320288 -3.066439363575756 2.6561884997529828 -2.7980524435305303 -1.3410974007815932 -0.2368789775178941 2.243994549992335 -2.341372237746032 -2.5624359543252613 -0.8211318966922532 -2.864416607693717 
2.5537268259584787 -2.3428149982098945 -1.056262647596363 -0.9624246377986989 1.2768392033463842 2.547396599189084 0.3113494286543618 -2.1076933341089306 2.1344790094614403 0.35561816295521786 0.47842952035276987 1.2926137704272689 
2.1958984108601376 -1.0382432626716245 -1.9056258663968257 1.7722300741828285 -2.265994932052954 -0.9382032316416874 -0.23576823165436067 1.8882232097611582 -2.477576681415096 -1.5865346586136102 -1.5919254664288123 -1.3340645437452672 
-0.053814768350754674 1.8436193405559476 -0.8453091586491167 -2.729180828932463 2.676106665310799 1.8143175243420764 0.24058544224155873 1.1793657400149997 -1.4848534401605156 -0.15003168242907733 2.0589964927006927 1.9232493978871874 
2.3310577549779556 0.4205856527953005 -2.3045939533521236 1.2752007415606887 -1.862552506075982 2.3274813902462115 -0.5305599275612902 1.0459422004848984 -1.4145176698778847 1.7873824868712052 1.0189473282556458 -0.860183241432169 
-2.652991124585511 -2.24655717205663 -1.4848491300304603 -1.5637112618770022 -1.0266178608214838 0.1995518564483774 0.9178576962736386 2.8140089959744183 -1.201846340524161 -1.591653538060531 1.8692785155146965 1.9317811808068137 
-2.2421646577406626 -1.729357057758934 0.5117899514429346 -1.0021249617730117 -1.8829713839347637 -2.5477280501986193 -0.6677517327715902 -0.19074706326800145 0.6221841571933898 -0.9286097303457171 -0.8176110056889841 -0.07039774506163132 
-2.6168415861614194 -2.2923893687349928 -1.3265806407994483 1.231663765209108 1.0210717014530424 2.8928832635836095 -2.126345907983644 -2.168145363081079 -3.094998359592237 -1.7016779433574798 -1.636849313465907 -0.19876105831422347 
1.5434308287773775 3.0048734597457636 -0.8081024101851663 2.0226066567910572 -2.166556676950578 -1.146676577310606 0.15365888627504598 2.418571669968337 -2.271867763365082 2.964325408402725 -0.5944563790490404 -0.9734882848078129 
-2.965672550672081 -0.8836871486882446 1.978109729762246 -0.4905092696503933 1.8540170239963825 -2.1526910873663745 2.4926855668201404 -1.812569167921394 -1.3601119856525163 -1.4166313963265498 1.306634923438233 -2.850468427204902 
-0.48684497323492526 2.8671241568098824 -2.9711696531207292 -2.5308542683529116 -1.1004973155944844 0.005996559751154473 0.300627515462894 2.969901754412489 -1.644223563476208 -3.1274880581105995 2.0724760313497756 -0.9008510347728558 
-2.9453673344390148 -1.2252634220881113 -1.9617016294230736 -1.188575675237568 0.12110998883714304 -1.5145122731670733 0.9995781239747494 -2.6118504780223217 0.587578622591427 -0.7437754565885679 1.9151446196475466 -0.7422077316502558 
-0.47272830609558575 1.5283057074277115 -0.5471492222074532 1.9417120321474504 1.242253843606781 -1.9201639553525567 -1.584101747943091 -2.281964338089619 2.731003208133669 1.346706669675953 2.165562095085992 -2.7384468556780823 
-2.276498818874864 -0.3639646344395153 -2.2650297193016824 -1.095350205541974 -1.4853174560724467 2.7172344652737004 -0.587823448749409 -0.3907112581521277 0.9838334328642873 -0.23364295082205905 -0.9766724657301243 1.6085052396948272 
0.7055230770194981 -1.3188339560760383 1.5519324513979151 -1.4495722255263384 0.553063629323057 1.7999777020200536 -0.31411141726439845 0.7822623541571998 0.5130930681973659 -0.4331915418485847 -1.5827793511423867 -0.08874966580162158 
0.8832255412190982 -1.114044890828587 1.449495569356105 -1.4265859373294587 0.8872659893114445 1.7545343872737797 -0.06234562982504543 0.7917623762560901 0.5672238877426016 -0.004725946655063604 -1.6774726889250582 -0.003212536384166894 
-2.945000892888452 -1.4055274626615009 0.07518704112343702 2.1255533513661797 2.4997692202790573 -1.8192438864340579 -2.628858483346344 -2.679027140436798 0.4647335777719248 1.3099194179294438 0.721527779220694 2.4832717472459183 
2.812386927857963 -0.3056398760184351 2.731278813971438 0.6179106363641712 0.25952815193228246 2.1261709654353 0.9813119340422369 1.481901599731485 -0.07711763868902938 -1.7482078979851503 2.0452989851227823 -2.8326091088997627 
-2.977882022051519 -3.043052342088235 0.543192649415626 -1.050393759093164 -0.5711337716706458 -0.42322291828891523 -2.143091875343277 0.08839176915646317 2.340956847897407 1.6553208085557807 1.2137802080099236 0.3284838143066598 
-1.468213823355371 -0.37498820958277834 2.5943672322429063 -0.8333768799400418 -2.21773104495647 -2.5918906036252833 0.3278283094159596 1.4270507689092824 -1.2565111580667216 -1.4755806741170974 1.1377449047701838 -2.4738756114025278 
2.973256898209491 0.013540482192803146 -3.010692366694261 0.020191772773119725 -0.5822697476435167 -1.6248280325582434 -2.1969261190268337 -0.00013788356894851685 2.345079371823334 -2.201523897044747 -1.587059274133965 -2.2118655619440024 
-2.76715689726131 -1.7719405308193346 -1.7544687609814993 0.6569807527431807 1.2625081586429439 1.0654408000738147 -0.3566916793044862 1.8455297065211371 2.1090886508033364 2.8462826962894114 -2.9469302495389633 -2.0876893986006166 
0.13048191836546053 2.5396346802540477 -1.9682499605527637 0.7581946813384525 -0.3886882961817104 -1.7308055541398695 -0.24673515578318328 2.683752061460203 -0.18214601408683231 2.869912937616243 2.7626775650234427 -2.280330244750378 
0.1308670509483462 -0.1468829041398628 -0.13390962541572088 -0.19806823654039332 1.1643357904113296 0.9234596046177423 0.08024720403227019 2.7266208295089367 2.9045921598162825 -2.533831330233204 0.26337660573343913 1.7452283308888397 
-0.42901795432134376 0.46365558072432966 -0.23247213399535552 0.0024941824839720766 1.161218912285183 1.8007827320664307 0.48507258790683316 1.9274512125438743 -0.9090871630056345 0.22419758861517755 -2.4653616494084636 -2.531851830835646 
-0.8984324797186045 1.898611993075075 0.7107894014603248 -1.2974977981214837 -2.4358917684484007 -2.2990131646138368 -2.771225726188512 -2.8692279739831785 0.2577373025024547 -0.7056231765286176 -0.9440917628649323 -1.2522209427664777 
-0.4464532683857183 2.142971055665513 -0.9060825401862818 -0.19083117622740764 -2.211070679626241 0.48112283418200175 -2.3673185791087508 -0.32426229742691814 2.9897626280494944 2.4677024114321116 0.8352162007642314 0.9754496006177692 
-2.764826685718074 -1.637904525237225 -2.1994565846169656 0.7641067142667861 1.2370495089379383 2.053440262908684 2.154224427349135 -1.7100234698244314 2.103189229881978 -0.7419555944803665 2.2160002698863464 2.9189235208535123 
0.13795567514431284 2.7450855994307637 2.950186642267554 1.939212579448294 0.28094019735064857 -2.2903774013700744 2.230564122878679 -1.5082109957395158 0.030671800196284803 1.456777592129761 -2.248427882825793 -2.4754010389544026 
-3.0964970979671507 -1.9560648505457099 0.34123495344146293 3.041305725455197 1.858167940161457 -2.965409374412897 -2.7270298156061643 1.961711261352382 1.7934443893075769 -1.0984568289324814 -0.5030068794098562 0.7071836249592656 
-0.2951193560205085 3.0580966713102677 2.0796936906572236 2.8462914738263416 -1.5109868306384568 0.4862623071408894 0.7050619105999801 1.418533098368007 -0.4996147252944926 1.1604061714860163 -1.6963264508719167 2.150492348362527 
1.480062352308101 2.1414174978726037 0.18360538179543326 2.138737017187178 -1.8736744424448977 1.3475996806697261 -2.997324849402271 -2.468362416685833 -0.05467220490621032 2.766017410464233 1.2917963310818328 -0.19764704888434598 
2.668236779423679 -0.899300049817862 -1.5834031036616492 0.7899004017579858 -1.4202638876853058 0.13424938684117713 -2.102309131164179 2.5039256282294424 1.8364753984982154 2.3689992887827644 0.8045654511594669 2.612817206534195 
-2.237331663449865 -1.5421248306274293 -2.7525689950071404 -1.9280094451544998 -2.0727365648442113 -0.5799679419320394 3.1105746182777807 -0.36491588453473955 2.894748919588911 -1.444537929614678 -0.4361723538790475 -1.2874463004542067 
2.0707276977143296 -0.6872309187596228 -0.9603484331819686 0.8231384065796362 -1.7296886443218427 0.4388082007775031 0.9899730870787253 0.820509757312598 -1.3038488222789686 -1.6057240656327423 1.1712641210013306 -2.506708242486941 
-0.09020852634197929 1.0518465727855406 1.0201125521813188 3.122699494717398 2.51861198153532 -0.1845271794751628 -2.925832153044906 -2.509799885234805 0.8754090992451384 2.8558894206567804 1.9565437936016095 -2.9472767463794103 
-0.5210438718609556 2.3453887889493363 -2.568133643740929 1.963358703888225 1.5599447143549132 -0.6759783752637331 2.414899597234471 -0.24581640310815525 -3.0100263999422863 1.1455122776521007 -1.789052857702527 0.6945771352352946 
-1.1320868606077017 -2.443604739554117 2.8790916144814247 2.2004384170460023 1.675461175441108 -0.5666701723601887 -3.134735375117397 -2.31780961111092 0.27421351879935774 -2.939848226550484 1.7218613330910184 -1.5766627413673526 
0.08706329684588311 1.3662017057227471 -1.0237900179936292 -2.7032237007619075 -0.1234825888388534 3.059580798435131 0.621958550620521 -1.275201070533397 2.92181744313341 0.4954725532436325 -2.091496809262763 -0.3388775089354345 
2.920695898972863 -2.2728885969021735 -2.9985391865199187 1.9709313455816886 -2.556043002927708 3.033344835178523 -0.3860645176925662 1.33108662265946 -0.6943016979230086 1.3125740298821598 0.6757803967241053 0.7617469888822803 
-2.792154263828491 -2.2293795428589154 0.16231367815458703 1.6659010131603686 2.0677084652603215 -2.00546313075257 -2.445537371687257 -1.8325559050166706 -1.4856731520390039 -2.022708107577955 -2.112388111819887 0.9173511670835256 
2.859150768092477 -2.3405075918532696 0.2521429294191986 0.531735683401731 -1.2152561500790613 -1.4718596215723405 0.19926037580167832 1.263535302219001 1.7889081687515802 1.095714870187841 3.123493641005048 -0.827295369607165 
-0.6564513980822255 0.24205771941204485 0.8876200753711121 -0.45743977710983275 -0.8999393833227138 -0.25480556725280773 1.0604495111861831 2.8541490347210328 -3.0591461906950013 -1.793913349668838 1.30772637763283 1.87644107072488 
-0.370533799551767 -1.7729016922780132 2.0691092928407357 1.8481462689454604 0.029609302295033224 -2.502909254393108 -2.6272896773945753 -2.7980993787228665 -0.055518495438271434 -1.6994722307002395 -0.8177367449998725 -1.0533052487285206 
3.054897945096587 -1.4750687445786197 0.3906506969377034 0.9885333341009165 -2.5341962190580842 2.508067693310208 -0.6057507743500589 2.49979887637277 -3.038914409607541 1.9821738330538652 0.9432375831454315 -0.17214546928269103 
-2.6828911071961565 -1.242343606353996 -2.1757224001190156 1.7846396047355597 0.614000968504845 1.8922598114672406 0.9688847663352206 -1.429353218084372 2.8943307744429525 -2.0217558425240254 1.8738903613856817 2.7086304919888406 
1.0435852788447937 2.2936830652270324 0.676867304022589 -1.0374312513413635 2.2616394047095008 -2.066167473843253 -0.028970544421160753 0.9038125127166514 -0.028206527129419377 -0.4810708936401825 -0.38974576939942246 1.061478278258718 
2.52881304930195 -0.29477239664204075 3.049557709695403 2.0226249311143047 -0.866946505884828 -0.9592577195780516 -2.1505394256529526 -2.33961970546119 1.2018228796787944 -0.9160846896872711 -1.913241009323888 -1.5344162151945717 
-0.7594679642034688 1.6332737388822256 -0.6372483748263841 -1.3712533134244127 -1.3612379030238062 1.1995964820880003 -2.3898155284511686 2.234890612593532 0.7893384922549347 -2.2677017954069396 -0.2886388557947024 -1.5046372020123193 
-2.729418403486038 -0.5395728570119553 3.137261526031699 -2.0488482043890093 -0.8191835236256136 1.5531431161344924 -2.583153432265012 1.3982943068097555 1.7500576992968582 -1.652127781437427 -0.8552982088216377 2.342062399460516 
-0.8278353216511299 1.7278194705852348 -0.8089310221985981 -1.1701458171043653 -1.75166782300819 1.299706367259287 -2.3513972448798928 -0.1898852615137036 2.320883706227941 0.4031384141029935 0.6531459743536552 2.2620529200928057 
-0.31106539119850296 1.8883829658392133 2.5265929637778166 -3.075575036693555 -2.6155158437776684 2.763812197118687 -2.809499060250124 -2.6769778493843295 -0.10164554367576548 0.7761205961819034 0.6301257301598712 2.4414877766125875 
1.0344656960709129 -2.884806497735061 2.7433448079198217 -0.9084986264613956 1.0058176241882784 0.7538582773065654 -0.7846354575593728 2.529223497726628 -1.698666178319993 -0.845815145928989 -1.5592298968568605 0.89539808593785 
-2.4470450667309214 -1.0531442051679785 -1.2271671597497127 -1.3352437856294035 -2.4332350860306153 1.7757031291283816 -2.927068112494678 -2.351976917392011 -0.141529775128332 -2.225301582655425 -1.1896118153757087 0.2870322846208513 
-0.5518084578380491 1.584065420497286 -0.4140614406182511 -3.0881663393661265 2.406926336102098 -2.898129911122196 0.760972718802324 1.0599761013715283 -1.3237016076298116 2.8033973893280812 -1.7712372561884686 -2.1051143539667105 
-2.6470132165406803 0.09556282643441971 -2.8554348227850332 -0.8467695685990962 -1.4770338146023052 1.2763524034143436 -2.6672075749228252 -2.683136502184049 0.6194084778556723 1.6155138519975474 0.8326758836777829 -2.7821076701695975 
-2.5763486670720583 -1.390076348059118 -3.030050107470496 -2.4569896760682726 -1.4184757894704338 2.0906610523713915 -0.7328331228869844 -2.4352859031754317 2.7047548999011566 -1.328460354992276 -0.6401327440274812 -1.056418014359589 
0.5500340884762716 1.3588315364670618 -0.25142035425723575 0.9641226091472925 -1.7766694080122183 0.8214900769206731 -2.8110312645982427 0.9255177549671798 2.1133121892438123 -1.0808793533758188 -0.9090388780193579 -3.0429992569907967 
-2.82756685289125 2.431122465095597 1.1364336975396618 -1.1734861608233584 -0.641794683357106 -2.3985149753416093 -2.7013727408316197 -0.6414087164580766 2.779725169267534 0.854477436014752 1.0427148022085913 2.9859476036094215 
2.86694236287501 -2.748221194480504 -0.4859995718609689 -2.2350565156658737 0.576048754747449 2.6386817210935667 -0.13048522643780436 3.0724230123710066 -1.2628844533719534 2.743939389174474 2.218017217718822 -0.6337852252313573 
2.111940368698461 -0.7975357280653749 2.2371291449332267 1.987024152920343 -1.3336552912897968 -1.04278072022696 -0.038817385899846034 1.4114181866333544 0.2048622414001098 -0.19914944986558228 -1.9036774884643988 0.9082670333122768 
-2.9474788048248204 -3.0937426090566467 0.07364302446060034 2.0236081055377624 0.6954502864985463 -1.169264765931779 -2.0177393395937 -1.9623100735650023 -2.7194963264082688 -1.5911223808445047 -1.7565547947682374 2.277365126790865 
-1.9349646549879176 -1.9457303613515098 2.588296396218026 -1.4449016147018658 -1.8231128063902649 -2.3806368045905826 0.39065401732294647 0.9426671267756503 0.18698078839548565 0.7510259452279838 -0.9773424166372818 3.0359597023994422 
2.768013771744253 -2.3563009774151427 -1.4286357873957058 -1.0372302443847394 0.8312025971265542 0.7019906402940987 -1.4549594829539316 2.4535405585088705 -0.19669286474470607 -1.7948300416754885 -1.523102688883851 2.5346864966406133 
1.8295194551890626 2.338919916280642 3.026682745343428 -1.7689322412392139 2.3405870161027873 -2.6840282025372297 2.9131971110200627 -1.6013158877596512 -1.8558204133524134 0.19808697562653502 0.8165946157752622 0.06856818005417871 
1.56899195331973 -2.4873121221674457 -2.70568170776554 -1.5578087182741378 2.082248215657206 0.3825824450851614 -2.9088555202881605 -2.7138152364009596 -0.07771430392986899 -0.5699710341238879 -0.9297850498981931 -0.3240670016337224 
-0.16020601193358797 2.504490164444158 -1.7022477177074604 -0.45880224806005676 -1.4090424311809358 -0.30121782448839185 1.8282564279300315 2.400027164147277 1.2815666717923746 1.156307167407471 -1.916803372082481 2.6720433522134885 
-2.8746098467583634 -1.908705232285457 0.24134977118377152 2.4202640449698527 1.8156261131740061 -1.1171737344390713 -2.068136117286076 0.0898927056198189 2.392668926342351 -1.8384210031396702 -1.7440939395196213 0.2529808419417372 
-2.0043179051622073 0.36997593419439756 -2.9171145781154517 2.5055228543919053 1.718000690752394 -0.7666496533297734 -0.426357011331748 1.068899376581758 -0.20105187509419356 -0.3315408717111838 -1.7561142049604181 1.908805093755618 
3.0151239927222595 -1.1394937888914545 -0.8973576027767729 -2.0863966600448975 2.6042857731909517 -1.7315535566075457 2.7655369424310274 -1.698094652235092 -1.5830797905779126 2.70302994007068 -1.9666372110529515 2.8075798458219348 
2.79899417168036 -1.1846624934781138 -2.947362326173053 -0.2606965103541386 1.637977084232296 -0.44650690651892544 0.882898043042466 -0.48984270624543885 1.0382370421882314 1.9271463524332102 -0.747240845027117 2.3607609533159106 
0.018378216762151567 1.6900232931002588 -1.0596092997049769 0.02503041963281192 -1.570791217458014 1.0815683723524228 -0.14993799328535573 1.1878634369138856 2.8867897203636868 1.7138661837513476 3.0667290435122516 0.4966043820503072 
-1.6847741738378907 -0.37334694846351 1.9443733042253635 -1.9693754904291136 -1.0465126033084589 -2.2338772501489617 2.772702573924251 -2.4255745880001784 -0.9182025887908097 -0.6973696401369854 0.9609002023495181 -0.09445460137700701 
2.702563677384126 2.940478814365355 2.0668832836513324 -2.9844410721765913 2.3812439937756573 -1.461990293619914 -2.9072511790854714 -1.7679076529839348 -1.772537805429876 0.5469371171643257 1.0581541610312042 -2.2116166611400945 
-2.791894782291247 -1.3888819062299322 -2.6606396140755146 -2.6064572152058254 -1.474606432910581 2.956715922876873 2.93310835877137 2.6648223639648814 1.7119170873727159 3.099427360527559 1.7035807130714957 2.9827281651942603 
0.9025868275600121 -0.17733874472853015 0.12945317912850704 -1.8774214592199971 1.125157118696289 1.6907876685224748 2.7858214455229855 -0.6664075619908925 -0.8898809028766177 -3.0015392312214497 1.8822084490137723 -0.027007234676618013 
3.0212958578560607 -2.3806229329179263 -0.3537482685325303 -2.919493833757778 1.1023021932516066 1.6882034657274314 -0.011338506309121855 2.587637988597987 -0.21563905409848694 -0.8729119992484726 -2.993827773425296 -2.7266274190505273 
2.9152132819065724 -2.0447048577698412 2.6530049488596754 0.7047078635852257 3.122466318512488 0.011020113636956205 -2.9391883285843274 -1.9593416961734889 -0.33728804266815704 2.776586627805296 1.4922169178334985 -2.166476477451913 
-1.277821397656054 0.6474000012818514 0.22876141167114192 -2.1231108840246544 -1.9781134511431782 0.3445404279160889 2.9874954004380627 -2.201714905612993 -0.07200358516155624 1.220005467941434 -1.2824230292358318 2.72097292595485 
-2.8249139987869447 1.073756048895475 1.8978908949692184 2.2845832563841832 0.08181448517537915 1.9205459405385457 2.6975539627162504 -0.9324509918341961 -3.0866723775562135 -0.7183497676555181 1.258218514311011 2.536354720749667 
-2.8735619187954433 -2.9867048800769527 0.1259018078033277 -1.4766878874678042 0.4741304108742855 1.4919110180279762 1.9219417616426409 -1.1885139245433545 -2.3799608602346165 -2.017557564600184 1.8023524724893418 1.1569015788550967 
0.7582672223985395 -2.723279420862252 3.0381296645080553 -1.4208045373255218 1.2348819572362866 -1.343551546856567 -2.6801083861119666 -1.9670335861333212 -2.3001879392944447 0.9508521537889951 1.5553553961411193 -0.3408081722818494 
-1.6025359754950368 -3.0984403127651596 1.5089019815262694 1.386687869058236 2.1043492131979105 -1.372387677388579 0.052218771397947034 1.5160272957750691 -0.23750743189433532 -2.8940750852114117 1.818466714330218 -1.8297546654483474 
2.9675530142336135 2.7767618727673846 1.253528586208561 -0.1064824157213115 -1.407224143279552 0.2791197950953954 0.5350478096771702 1.7039289811664349 -0.10858630712216093 -2.301286319391973 2.1017455809037338 -0.18107553517395902 
-0.15559369137754517 1.67074305115295 -1.3316347681878662 -0.7052048231419313 -0.9251082663824164 -1.7388009362178893 -2.4002256049432615 2.205111607479943 2.662998927434248 -0.3288279345583223 -2.101440983844572 -0.7374144359644627 
0.31551873272956144 -0.08323166053207309 0.7308407194738775 0.7427687331642344 -0.8509525309445363 -0.7793736942394013 -2.757528753152547 0.8312519690309825 2.4914704565979844 -1.244641173836229 -0.640727023881877 -1.7307548926304308 
-1.5420712703445834 -2.452417513668989 1.778342905584455 1.4712307214320128 1.8565956051265222 2.4849646392356544 -0.2309125470251706 2.7643120385259055 -3.021634965771097 1.6155069574668324 0.4124440419517148 1.3595869398036056 
-2.9135870383180213 -2.2061699254869556 -0.8004157676656255 0.8001862973613418 1.7707383997236175 -0.6272344091745077 -2.553805235603131 -1.1428572214443002 -1.5582146601637183 -0.9878912760270024 -2.411947834102331 0.38007267775931974 
-0.04995737990967206 2.91424790718761 3.140679004356769 -2.718293169427959 -0.06845340261586923 1.6978393591161953 -1.7455884280706835 0.23153260249910393 1.8659095500732965 -1.619267732280731 -1.3506619283347876 0.4919836385897233 
-3.1301670630176472 -0.3280395940212513 -3.125352978421502 2.6905400017382832 -0.08223839056832617 -0.7456085389209873 1.555951953246038 1.3118435823422359 1.7101160843682985 1.8000569311491526 -1.6598728794033089 2.6556196435384614 
2.5793299932257137 0.4139878472043953 2.607497098895522 -0.08203276672184623 0.07715045962638722 1.188342201263562 0.9767269437805233 0.7222340321101486 -0.21518935798397246 -1.6270875645401182 1.5585045587405286 -2.169406429825315 
-2.7270771634885778 -0.8335797454489967 -2.3056945703150875 -1.5429980385477626 -1.9579260680832693 -1.1673177897097555 -2.436998012403011 -1.631843500804008 -0.9065824505125173 1.1197996073057626 2.0953279347677034 0.44009672529427313 
-2.4514980871343024 -0.5995521885522027 2.976671853379816 -2.029444717223987 -2.132693520192232 -0.6399973544097942 0.37366381676898486 1.1870477310953376 -1.7610587319926956 2.239333231525829 -1.8221633689676133 -2.47247954814526 
2.6576477043286415 -2.1713891731747363 -1.6933045111505771 2.3514098982422698 -1.093997971117925 -0.4318380476017101 -1.5628048058238146 -1.8220183132251453 2.9594035563126275 -1.8234586765903213 -1.5042674108873195 1.427361946713497 
0.5861463409211208 1.171688096885774 0.9734427066789445 0.6728463098884518 -2.179963325754506 0.5042553112799834 -0.43888635480918403 0.7762429741179888 0.8406083400679494 -0.48090086357737083 -1.4792712725827906 -0.17715465214592044 
