12 237 398 6 : 0.03927676213702353
12 239 392 6 : 0.02093947622194494
12 415 6 : 0.028935624044544424
12 480 354 6 : 0.02787013181588297
12 318 6 : 0.030485321364297914
12 123 6 : 0.03628466076939837
12 315 5 6 : 0.053570289652833114
12 468 17 6 : 0.06002083154576892
12 267 6 : 0.045485169367921685
12 423 315 6 : 0.054434027641605716
12 457 245 6 : 0.04095957144719103
12 261 386 6 : 0.04804737944339129
12 205 265 6 : 0.04371203385763399
12 454 59 6 : 0.04745338792698133
12 154 204 6 : 0.03297740055452838
12 237 398 8 12 237 398 8 : 0.0338318902964724
12 239 392 8 : 0.015750302993628014
12 415 8 : 0.020081977056370257
12 480 354 8 